2021/12/22-08:48:10.072110 7f26ed399000 RocksDB version: 6.20.3
2021/12/22-08:48:10.072214 7f26ed399000 Git sha 8608d75d85f8e1b3b64b73a4fb6d19baec61ba5c
2021/12/22-08:48:10.072217 7f26ed399000 Compile date 2021-05-05 20:35:30
2021/12/22-08:48:10.072277 7f26ed399000 DB SUMMARY
2021/12/22-08:48:10.072278 7f26ed399000 DB Session ID:  O89XU18URSWT1QQ08NLW
2021/12/22-08:48:10.072373 7f26ed399000 CURRENT file:  CURRENT
2021/12/22-08:48:10.072374 7f26ed399000 IDENTITY file:  IDENTITY
2021/12/22-08:48:10.072378 7f26ed399000 MANIFEST file:  MANIFEST-000187 size: 9524 Bytes
2021/12/22-08:48:10.072379 7f26ed399000 SST files in test-ledger/rocksdb dir, Total Num: 17, files: 000085.sst 000132.sst 000183.sst 000225.sst 000228.sst 000231.sst 000234.sst 000243.sst 000249.sst 
2021/12/22-08:48:10.072381 7f26ed399000 Write Ahead Log file in test-ledger/rocksdb: 000223.log size: 55723 ; 000226.log size: 618 ; 000229.log size: 79398 ; 000232.log size: 266070 ; 000235.log size: 448 ; 000238.log size: 460 ; 000241.log size: 473 ; 000244.log size: 485 ; 000247.log size: 497 ; 000250.log size: 2670 ; 000253.log size: 2352 ; 000256.log size: 1248 ; 000259.log size: 642 ; 000263.log size: 1320 ; 000266.log size: 40350451 ; 
2021/12/22-08:48:10.072382 7f26ed399000                         Options.error_if_exists: 0
2021/12/22-08:48:10.072383 7f26ed399000                       Options.create_if_missing: 1
2021/12/22-08:48:10.072384 7f26ed399000                         Options.paranoid_checks: 1
2021/12/22-08:48:10.072385 7f26ed399000                               Options.track_and_verify_wals_in_manifest: 0
2021/12/22-08:48:10.072386 7f26ed399000                                     Options.env: 0x55b57f004780
2021/12/22-08:48:10.072387 7f26ed399000                                      Options.fs: Posix File System
2021/12/22-08:48:10.072388 7f26ed399000                                Options.info_log: 0x55b57f790d60
2021/12/22-08:48:10.072388 7f26ed399000                Options.max_file_opening_threads: 16
2021/12/22-08:48:10.072389 7f26ed399000                              Options.statistics: (nil)
2021/12/22-08:48:10.072390 7f26ed399000                               Options.use_fsync: 0
2021/12/22-08:48:10.072391 7f26ed399000                       Options.max_log_file_size: 0
2021/12/22-08:48:10.072392 7f26ed399000                  Options.max_manifest_file_size: 1073741824
2021/12/22-08:48:10.072393 7f26ed399000                   Options.log_file_time_to_roll: 0
2021/12/22-08:48:10.072393 7f26ed399000                       Options.keep_log_file_num: 1000
2021/12/22-08:48:10.072394 7f26ed399000                    Options.recycle_log_file_num: 0
2021/12/22-08:48:10.072395 7f26ed399000                         Options.allow_fallocate: 1
2021/12/22-08:48:10.072396 7f26ed399000                        Options.allow_mmap_reads: 0
2021/12/22-08:48:10.072396 7f26ed399000                       Options.allow_mmap_writes: 0
2021/12/22-08:48:10.072397 7f26ed399000                        Options.use_direct_reads: 0
2021/12/22-08:48:10.072398 7f26ed399000                        Options.use_direct_io_for_flush_and_compaction: 0
2021/12/22-08:48:10.072398 7f26ed399000          Options.create_missing_column_families: 1
2021/12/22-08:48:10.072399 7f26ed399000                              Options.db_log_dir: 
2021/12/22-08:48:10.072400 7f26ed399000                                 Options.wal_dir: test-ledger/rocksdb
2021/12/22-08:48:10.072400 7f26ed399000                Options.table_cache_numshardbits: 6
2021/12/22-08:48:10.072401 7f26ed399000                         Options.WAL_ttl_seconds: 0
2021/12/22-08:48:10.072402 7f26ed399000                       Options.WAL_size_limit_MB: 0
2021/12/22-08:48:10.072402 7f26ed399000                        Options.max_write_batch_group_size_bytes: 1048576
2021/12/22-08:48:10.072403 7f26ed399000             Options.manifest_preallocation_size: 4194304
2021/12/22-08:48:10.072404 7f26ed399000                     Options.is_fd_close_on_exec: 1
2021/12/22-08:48:10.072405 7f26ed399000                   Options.advise_random_on_open: 1
2021/12/22-08:48:10.072405 7f26ed399000                    Options.db_write_buffer_size: 0
2021/12/22-08:48:10.072434 7f26ed399000                    Options.write_buffer_manager: 0x55b57f83ed10
2021/12/22-08:48:10.072436 7f26ed399000         Options.access_hint_on_compaction_start: 1
2021/12/22-08:48:10.072437 7f26ed399000  Options.new_table_reader_for_compaction_inputs: 0
2021/12/22-08:48:10.072438 7f26ed399000           Options.random_access_max_buffer_size: 1048576
2021/12/22-08:48:10.072438 7f26ed399000                      Options.use_adaptive_mutex: 0
2021/12/22-08:48:10.072439 7f26ed399000                            Options.rate_limiter: (nil)
2021/12/22-08:48:10.072440 7f26ed399000     Options.sst_file_manager.rate_bytes_per_sec: 0
2021/12/22-08:48:10.072441 7f26ed399000                       Options.wal_recovery_mode: 2
2021/12/22-08:48:10.072442 7f26ed399000                  Options.enable_thread_tracking: 0
2021/12/22-08:48:10.072442 7f26ed399000                  Options.enable_pipelined_write: 0
2021/12/22-08:48:10.072443 7f26ed399000                  Options.unordered_write: 0
2021/12/22-08:48:10.072444 7f26ed399000         Options.allow_concurrent_memtable_write: 1
2021/12/22-08:48:10.072444 7f26ed399000      Options.enable_write_thread_adaptive_yield: 1
2021/12/22-08:48:10.072445 7f26ed399000             Options.write_thread_max_yield_usec: 100
2021/12/22-08:48:10.072446 7f26ed399000            Options.write_thread_slow_yield_usec: 3
2021/12/22-08:48:10.072447 7f26ed399000                               Options.row_cache: None
2021/12/22-08:48:10.072447 7f26ed399000                              Options.wal_filter: None
2021/12/22-08:48:10.072448 7f26ed399000             Options.avoid_flush_during_recovery: 0
2021/12/22-08:48:10.072449 7f26ed399000             Options.allow_ingest_behind: 0
2021/12/22-08:48:10.072450 7f26ed399000             Options.preserve_deletes: 0
2021/12/22-08:48:10.072450 7f26ed399000             Options.two_write_queues: 0
2021/12/22-08:48:10.072451 7f26ed399000             Options.manual_wal_flush: 0
2021/12/22-08:48:10.072452 7f26ed399000             Options.atomic_flush: 0
2021/12/22-08:48:10.072452 7f26ed399000             Options.avoid_unnecessary_blocking_io: 0
2021/12/22-08:48:10.072453 7f26ed399000                 Options.persist_stats_to_disk: 0
2021/12/22-08:48:10.072454 7f26ed399000                 Options.write_dbid_to_manifest: 0
2021/12/22-08:48:10.072454 7f26ed399000                 Options.log_readahead_size: 0
2021/12/22-08:48:10.072455 7f26ed399000                 Options.file_checksum_gen_factory: Unknown
2021/12/22-08:48:10.072456 7f26ed399000                 Options.best_efforts_recovery: 0
2021/12/22-08:48:10.072457 7f26ed399000                Options.max_bgerror_resume_count: 2147483647
2021/12/22-08:48:10.072457 7f26ed399000            Options.bgerror_resume_retry_interval: 1000000
2021/12/22-08:48:10.072458 7f26ed399000             Options.allow_data_in_errors: 0
2021/12/22-08:48:10.072459 7f26ed399000             Options.db_host_id: __hostname__
2021/12/22-08:48:10.072460 7f26ed399000             Options.max_background_jobs: 4
2021/12/22-08:48:10.072460 7f26ed399000             Options.max_background_compactions: -1
2021/12/22-08:48:10.072461 7f26ed399000             Options.max_subcompactions: 1
2021/12/22-08:48:10.072462 7f26ed399000             Options.avoid_flush_during_shutdown: 0
2021/12/22-08:48:10.072462 7f26ed399000           Options.writable_file_max_buffer_size: 1048576
2021/12/22-08:48:10.072463 7f26ed399000             Options.delayed_write_rate : 16777216
2021/12/22-08:48:10.072464 7f26ed399000             Options.max_total_wal_size: 4294967296
2021/12/22-08:48:10.072465 7f26ed399000             Options.delete_obsolete_files_period_micros: 21600000000
2021/12/22-08:48:10.072465 7f26ed399000                   Options.stats_dump_period_sec: 600
2021/12/22-08:48:10.072466 7f26ed399000                 Options.stats_persist_period_sec: 600
2021/12/22-08:48:10.072467 7f26ed399000                 Options.stats_history_buffer_size: 1048576
2021/12/22-08:48:10.072467 7f26ed399000                          Options.max_open_files: -1
2021/12/22-08:48:10.072478 7f26ed399000                          Options.bytes_per_sync: 0
2021/12/22-08:48:10.072479 7f26ed399000                      Options.wal_bytes_per_sync: 0
2021/12/22-08:48:10.072480 7f26ed399000                   Options.strict_bytes_per_sync: 0
2021/12/22-08:48:10.072480 7f26ed399000       Options.compaction_readahead_size: 0
2021/12/22-08:48:10.072481 7f26ed399000                  Options.max_background_flushes: -1
2021/12/22-08:48:10.072482 7f26ed399000 Compression algorithms supported:
2021/12/22-08:48:10.072483 7f26ed399000 	kZSTDNotFinalCompression supported: 0
2021/12/22-08:48:10.072484 7f26ed399000 	kZSTD supported: 0
2021/12/22-08:48:10.072485 7f26ed399000 	kXpressCompression supported: 0
2021/12/22-08:48:10.072486 7f26ed399000 	kLZ4HCCompression supported: 1
2021/12/22-08:48:10.072487 7f26ed399000 	kLZ4Compression supported: 1
2021/12/22-08:48:10.072488 7f26ed399000 	kBZip2Compression supported: 0
2021/12/22-08:48:10.072489 7f26ed399000 	kZlibCompression supported: 0
2021/12/22-08:48:10.072490 7f26ed399000 	kSnappyCompression supported: 0
2021/12/22-08:48:10.072492 7f26ed399000 Fast CRC32 supported: Not supported on x86
2021/12/22-08:48:10.084346 7f26ed399000 [db/version_set.cc:4627] Recovering from manifest file: test-ledger/rocksdb/MANIFEST-000187
2021/12/22-08:48:10.104066 7f26ed399000 [db/column_family.cc:598] --------------- Options for column family [default]:
2021/12/22-08:48:10.104079 7f26ed399000               Options.comparator: leveldb.BytewiseComparator
2021/12/22-08:48:10.104081 7f26ed399000           Options.merge_operator: None
2021/12/22-08:48:10.104084 7f26ed399000        Options.compaction_filter: None
2021/12/22-08:48:10.104085 7f26ed399000        Options.compaction_filter_factory: None
2021/12/22-08:48:10.104087 7f26ed399000  Options.sst_partitioner_factory: None
2021/12/22-08:48:10.104089 7f26ed399000         Options.memtable_factory: SkipListFactory
2021/12/22-08:48:10.104091 7f26ed399000            Options.table_factory: BlockBasedTable
2021/12/22-08:48:10.104158 7f26ed399000            table_factory options:   flush_block_policy_factory: FlushBlockBySizePolicyFactory (0x55b57f8373c0)
  cache_index_and_filter_blocks: 0
  cache_index_and_filter_blocks_with_high_priority: 1
  pin_l0_filter_and_index_blocks_in_cache: 0
  pin_top_level_index_and_filter: 1
  index_type: 0
  data_block_index_type: 0
  index_shortening: 1
  data_block_hash_table_util_ratio: 0.750000
  hash_index_allow_collision: 1
  checksum: 1
  no_block_cache: 0
  block_cache: 0x55b57f837f30
  block_cache_name: LRUCache
  block_cache_options:
    capacity : 8388608
    num_shard_bits : 4
    strict_capacity_limit : 0
    memory_allocator : None
    high_pri_pool_ratio: 0.000
  block_cache_compressed: (nil)
  persistent_cache: (nil)
  block_size: 4096
  block_size_deviation: 10
  block_restart_interval: 16
  index_block_restart_interval: 1
  metadata_block_size: 4096
  partition_filters: 0
  use_delta_encoding: 1
  filter_policy: nullptr
  whole_key_filtering: 1
  verify_compression: 0
  read_amp_bytes_per_bit: 0
  format_version: 5
  enable_index_compression: 1
  block_align: 0
2021/12/22-08:48:10.104162 7f26ed399000        Options.write_buffer_size: 67108864
2021/12/22-08:48:10.104164 7f26ed399000  Options.max_write_buffer_number: 2
2021/12/22-08:48:10.104166 7f26ed399000          Options.compression: NoCompression
2021/12/22-08:48:10.104168 7f26ed399000                  Options.bottommost_compression: Disabled
2021/12/22-08:48:10.104170 7f26ed399000       Options.prefix_extractor: nullptr
2021/12/22-08:48:10.104171 7f26ed399000   Options.memtable_insert_with_hint_prefix_extractor: nullptr
2021/12/22-08:48:10.104173 7f26ed399000             Options.num_levels: 7
2021/12/22-08:48:10.104175 7f26ed399000        Options.min_write_buffer_number_to_merge: 1
2021/12/22-08:48:10.104177 7f26ed399000     Options.max_write_buffer_number_to_maintain: 0
2021/12/22-08:48:10.104178 7f26ed399000     Options.max_write_buffer_size_to_maintain: 0
2021/12/22-08:48:10.104180 7f26ed399000            Options.bottommost_compression_opts.window_bits: -14
2021/12/22-08:48:10.104271 7f26ed399000                  Options.bottommost_compression_opts.level: 32767
2021/12/22-08:48:10.104276 7f26ed399000               Options.bottommost_compression_opts.strategy: 0
2021/12/22-08:48:10.104278 7f26ed399000         Options.bottommost_compression_opts.max_dict_bytes: 0
2021/12/22-08:48:10.104280 7f26ed399000         Options.bottommost_compression_opts.zstd_max_train_bytes: 0
2021/12/22-08:48:10.104282 7f26ed399000         Options.bottommost_compression_opts.parallel_threads: 1
2021/12/22-08:48:10.104284 7f26ed399000                  Options.bottommost_compression_opts.enabled: false
2021/12/22-08:48:10.104285 7f26ed399000         Options.bottommost_compression_opts.max_dict_buffer_bytes: 0
2021/12/22-08:48:10.104287 7f26ed399000            Options.compression_opts.window_bits: -14
2021/12/22-08:48:10.104289 7f26ed399000                  Options.compression_opts.level: 32767
2021/12/22-08:48:10.104291 7f26ed399000               Options.compression_opts.strategy: 0
2021/12/22-08:48:10.104293 7f26ed399000         Options.compression_opts.max_dict_bytes: 0
2021/12/22-08:48:10.104295 7f26ed399000         Options.compression_opts.zstd_max_train_bytes: 0
2021/12/22-08:48:10.104296 7f26ed399000         Options.compression_opts.parallel_threads: 1
2021/12/22-08:48:10.104298 7f26ed399000                  Options.compression_opts.enabled: false
2021/12/22-08:48:10.104348 7f26ed399000         Options.compression_opts.max_dict_buffer_bytes: 0
2021/12/22-08:48:10.104350 7f26ed399000      Options.level0_file_num_compaction_trigger: 4
2021/12/22-08:48:10.104352 7f26ed399000          Options.level0_slowdown_writes_trigger: 20
2021/12/22-08:48:10.104354 7f26ed399000              Options.level0_stop_writes_trigger: 36
2021/12/22-08:48:10.104355 7f26ed399000                   Options.target_file_size_base: 67108864
2021/12/22-08:48:10.104357 7f26ed399000             Options.target_file_size_multiplier: 1
2021/12/22-08:48:10.104359 7f26ed399000                Options.max_bytes_for_level_base: 268435456
2021/12/22-08:48:10.104361 7f26ed399000 Options.level_compaction_dynamic_level_bytes: 0
2021/12/22-08:48:10.104363 7f26ed399000          Options.max_bytes_for_level_multiplier: 10.000000
2021/12/22-08:48:10.104368 7f26ed399000 Options.max_bytes_for_level_multiplier_addtl[0]: 1
2021/12/22-08:48:10.104370 7f26ed399000 Options.max_bytes_for_level_multiplier_addtl[1]: 1
2021/12/22-08:48:10.104372 7f26ed399000 Options.max_bytes_for_level_multiplier_addtl[2]: 1
2021/12/22-08:48:10.104373 7f26ed399000 Options.max_bytes_for_level_multiplier_addtl[3]: 1
2021/12/22-08:48:10.104375 7f26ed399000 Options.max_bytes_for_level_multiplier_addtl[4]: 1
2021/12/22-08:48:10.104377 7f26ed399000 Options.max_bytes_for_level_multiplier_addtl[5]: 1
2021/12/22-08:48:10.104378 7f26ed399000 Options.max_bytes_for_level_multiplier_addtl[6]: 1
2021/12/22-08:48:10.104380 7f26ed399000       Options.max_sequential_skip_in_iterations: 8
2021/12/22-08:48:10.104382 7f26ed399000                    Options.max_compaction_bytes: 1677721600
2021/12/22-08:48:10.104384 7f26ed399000                        Options.arena_block_size: 8388608
2021/12/22-08:48:10.104385 7f26ed399000   Options.soft_pending_compaction_bytes_limit: 68719476736
2021/12/22-08:48:10.104387 7f26ed399000   Options.hard_pending_compaction_bytes_limit: 274877906944
2021/12/22-08:48:10.104389 7f26ed399000       Options.rate_limit_delay_max_milliseconds: 100
2021/12/22-08:48:10.104391 7f26ed399000                Options.disable_auto_compactions: 0
2021/12/22-08:48:10.104395 7f26ed399000                        Options.compaction_style: kCompactionStyleLevel
2021/12/22-08:48:10.104398 7f26ed399000                          Options.compaction_pri: kMinOverlappingRatio
2021/12/22-08:48:10.104400 7f26ed399000 Options.compaction_options_universal.size_ratio: 1
2021/12/22-08:48:10.104402 7f26ed399000 Options.compaction_options_universal.min_merge_width: 2
2021/12/22-08:48:10.104403 7f26ed399000 Options.compaction_options_universal.max_merge_width: 4294967295
2021/12/22-08:48:10.104433 7f26ed399000 Options.compaction_options_universal.max_size_amplification_percent: 200
2021/12/22-08:48:10.104436 7f26ed399000 Options.compaction_options_universal.compression_size_percent: -1
2021/12/22-08:48:10.104439 7f26ed399000 Options.compaction_options_universal.stop_style: kCompactionStopStyleTotalSize
2021/12/22-08:48:10.104441 7f26ed399000 Options.compaction_options_fifo.max_table_files_size: 1073741824
2021/12/22-08:48:10.104443 7f26ed399000 Options.compaction_options_fifo.allow_compaction: 0
2021/12/22-08:48:10.104456 7f26ed399000                   Options.table_properties_collectors: 
2021/12/22-08:48:10.104458 7f26ed399000                   Options.inplace_update_support: 0
2021/12/22-08:48:10.104459 7f26ed399000                 Options.inplace_update_num_locks: 10000
2021/12/22-08:48:10.104461 7f26ed399000               Options.memtable_prefix_bloom_size_ratio: 0.000000
2021/12/22-08:48:10.104464 7f26ed399000               Options.memtable_whole_key_filtering: 0
2021/12/22-08:48:10.104466 7f26ed399000   Options.memtable_huge_page_size: 0
2021/12/22-08:48:10.104468 7f26ed399000                           Options.bloom_locality: 0
2021/12/22-08:48:10.104469 7f26ed399000                    Options.max_successive_merges: 0
2021/12/22-08:48:10.104471 7f26ed399000                Options.optimize_filters_for_hits: 0
2021/12/22-08:48:10.104473 7f26ed399000                Options.paranoid_file_checks: 0
2021/12/22-08:48:10.104474 7f26ed399000                Options.force_consistency_checks: 1
2021/12/22-08:48:10.104476 7f26ed399000                Options.report_bg_io_stats: 0
2021/12/22-08:48:10.104478 7f26ed399000                               Options.ttl: 2592000
2021/12/22-08:48:10.104479 7f26ed399000          Options.periodic_compaction_seconds: 0
2021/12/22-08:48:10.104481 7f26ed399000                    Options.enable_blob_files: false
2021/12/22-08:48:10.104483 7f26ed399000                        Options.min_blob_size: 0
2021/12/22-08:48:10.104485 7f26ed399000                       Options.blob_file_size: 268435456
2021/12/22-08:48:10.104487 7f26ed399000                Options.blob_compression_type: NoCompression
2021/12/22-08:48:10.104489 7f26ed399000       Options.enable_blob_garbage_collection: false
2021/12/22-08:48:10.104490 7f26ed399000   Options.blob_garbage_collection_age_cutoff: 0.250000
2021/12/22-08:48:10.118050 7f26ed399000 [db/column_family.cc:598] --------------- Options for column family [meta]:
2021/12/22-08:48:10.118065 7f26ed399000               Options.comparator: leveldb.BytewiseComparator
2021/12/22-08:48:10.118068 7f26ed399000           Options.merge_operator: None
2021/12/22-08:48:10.118070 7f26ed399000        Options.compaction_filter: None
2021/12/22-08:48:10.118949 7f26ed399000        Options.compaction_filter_factory: purged_slot_filter_factory(meta)
2021/12/22-08:48:10.118957 7f26ed399000  Options.sst_partitioner_factory: None
2021/12/22-08:48:10.118960 7f26ed399000         Options.memtable_factory: SkipListFactory
2021/12/22-08:48:10.118962 7f26ed399000            Options.table_factory: BlockBasedTable
2021/12/22-08:48:10.119018 7f26ed399000            table_factory options:   flush_block_policy_factory: FlushBlockBySizePolicyFactory (0x55b57f80cab0)
  cache_index_and_filter_blocks: 0
  cache_index_and_filter_blocks_with_high_priority: 1
  pin_l0_filter_and_index_blocks_in_cache: 0
  pin_top_level_index_and_filter: 1
  index_type: 0
  data_block_index_type: 0
  index_shortening: 1
  data_block_hash_table_util_ratio: 0.750000
  hash_index_allow_collision: 1
  checksum: 1
  no_block_cache: 0
  block_cache: 0x55b57f80cb00
  block_cache_name: LRUCache
  block_cache_options:
    capacity : 8388608
    num_shard_bits : 4
    strict_capacity_limit : 0
    memory_allocator : None
    high_pri_pool_ratio: 0.000
  block_cache_compressed: (nil)
  persistent_cache: (nil)
  block_size: 4096
  block_size_deviation: 10
  block_restart_interval: 16
  index_block_restart_interval: 1
  metadata_block_size: 4096
  partition_filters: 0
  use_delta_encoding: 1
  filter_policy: nullptr
  whole_key_filtering: 1
  verify_compression: 0
  read_amp_bytes_per_bit: 0
  format_version: 5
  enable_index_compression: 1
  block_align: 0
2021/12/22-08:48:10.119111 7f26ed399000        Options.write_buffer_size: 268435456
2021/12/22-08:48:10.119116 7f26ed399000  Options.max_write_buffer_number: 8
2021/12/22-08:48:10.119118 7f26ed399000          Options.compression: NoCompression
2021/12/22-08:48:10.119120 7f26ed399000                  Options.bottommost_compression: Disabled
2021/12/22-08:48:10.119122 7f26ed399000       Options.prefix_extractor: nullptr
2021/12/22-08:48:10.119124 7f26ed399000   Options.memtable_insert_with_hint_prefix_extractor: nullptr
2021/12/22-08:48:10.119125 7f26ed399000             Options.num_levels: 7
2021/12/22-08:48:10.119127 7f26ed399000        Options.min_write_buffer_number_to_merge: 1
2021/12/22-08:48:10.119129 7f26ed399000     Options.max_write_buffer_number_to_maintain: 0
2021/12/22-08:48:10.119131 7f26ed399000     Options.max_write_buffer_size_to_maintain: 0
2021/12/22-08:48:10.119133 7f26ed399000            Options.bottommost_compression_opts.window_bits: -14
2021/12/22-08:48:10.119135 7f26ed399000                  Options.bottommost_compression_opts.level: 32767
2021/12/22-08:48:10.119136 7f26ed399000               Options.bottommost_compression_opts.strategy: 0
2021/12/22-08:48:10.119138 7f26ed399000         Options.bottommost_compression_opts.max_dict_bytes: 0
2021/12/22-08:48:10.119140 7f26ed399000         Options.bottommost_compression_opts.zstd_max_train_bytes: 0
2021/12/22-08:48:10.119142 7f26ed399000         Options.bottommost_compression_opts.parallel_threads: 1
2021/12/22-08:48:10.119144 7f26ed399000                  Options.bottommost_compression_opts.enabled: false
2021/12/22-08:48:10.119145 7f26ed399000         Options.bottommost_compression_opts.max_dict_buffer_bytes: 0
2021/12/22-08:48:10.119148 7f26ed399000            Options.compression_opts.window_bits: -14
2021/12/22-08:48:10.119149 7f26ed399000                  Options.compression_opts.level: 32767
2021/12/22-08:48:10.119151 7f26ed399000               Options.compression_opts.strategy: 0
2021/12/22-08:48:10.119153 7f26ed399000         Options.compression_opts.max_dict_bytes: 0
2021/12/22-08:48:10.119154 7f26ed399000         Options.compression_opts.zstd_max_train_bytes: 0
2021/12/22-08:48:10.119156 7f26ed399000         Options.compression_opts.parallel_threads: 1
2021/12/22-08:48:10.119158 7f26ed399000                  Options.compression_opts.enabled: false
2021/12/22-08:48:10.119160 7f26ed399000         Options.compression_opts.max_dict_buffer_bytes: 0
2021/12/22-08:48:10.119161 7f26ed399000      Options.level0_file_num_compaction_trigger: 4
2021/12/22-08:48:10.119163 7f26ed399000          Options.level0_slowdown_writes_trigger: 20
2021/12/22-08:48:10.119165 7f26ed399000              Options.level0_stop_writes_trigger: 36
2021/12/22-08:48:10.119166 7f26ed399000                   Options.target_file_size_base: 107374182
2021/12/22-08:48:10.119168 7f26ed399000             Options.target_file_size_multiplier: 1
2021/12/22-08:48:10.119170 7f26ed399000                Options.max_bytes_for_level_base: 1073741824
2021/12/22-08:48:10.119172 7f26ed399000 Options.level_compaction_dynamic_level_bytes: 0
2021/12/22-08:48:10.119174 7f26ed399000          Options.max_bytes_for_level_multiplier: 10.000000
2021/12/22-08:48:10.119178 7f26ed399000 Options.max_bytes_for_level_multiplier_addtl[0]: 1
2021/12/22-08:48:10.119180 7f26ed399000 Options.max_bytes_for_level_multiplier_addtl[1]: 1
2021/12/22-08:48:10.119182 7f26ed399000 Options.max_bytes_for_level_multiplier_addtl[2]: 1
2021/12/22-08:48:10.119184 7f26ed399000 Options.max_bytes_for_level_multiplier_addtl[3]: 1
2021/12/22-08:48:10.119186 7f26ed399000 Options.max_bytes_for_level_multiplier_addtl[4]: 1
2021/12/22-08:48:10.119187 7f26ed399000 Options.max_bytes_for_level_multiplier_addtl[5]: 1
2021/12/22-08:48:10.119189 7f26ed399000 Options.max_bytes_for_level_multiplier_addtl[6]: 1
2021/12/22-08:48:10.119191 7f26ed399000       Options.max_sequential_skip_in_iterations: 8
2021/12/22-08:48:10.119219 7f26ed399000                    Options.max_compaction_bytes: 2684354550
2021/12/22-08:48:10.119222 7f26ed399000                        Options.arena_block_size: 33554432
2021/12/22-08:48:10.119224 7f26ed399000   Options.soft_pending_compaction_bytes_limit: 68719476736
2021/12/22-08:48:10.119225 7f26ed399000   Options.hard_pending_compaction_bytes_limit: 274877906944
2021/12/22-08:48:10.119227 7f26ed399000       Options.rate_limit_delay_max_milliseconds: 100
2021/12/22-08:48:10.119229 7f26ed399000                Options.disable_auto_compactions: 0
2021/12/22-08:48:10.119234 7f26ed399000                        Options.compaction_style: kCompactionStyleLevel
2021/12/22-08:48:10.119236 7f26ed399000                          Options.compaction_pri: kMinOverlappingRatio
2021/12/22-08:48:10.119238 7f26ed399000 Options.compaction_options_universal.size_ratio: 1
2021/12/22-08:48:10.119240 7f26ed399000 Options.compaction_options_universal.min_merge_width: 2
2021/12/22-08:48:10.119242 7f26ed399000 Options.compaction_options_universal.max_merge_width: 4294967295
2021/12/22-08:48:10.119243 7f26ed399000 Options.compaction_options_universal.max_size_amplification_percent: 200
2021/12/22-08:48:10.119245 7f26ed399000 Options.compaction_options_universal.compression_size_percent: -1
2021/12/22-08:48:10.119248 7f26ed399000 Options.compaction_options_universal.stop_style: kCompactionStopStyleTotalSize
2021/12/22-08:48:10.119250 7f26ed399000 Options.compaction_options_fifo.max_table_files_size: 1073741824
2021/12/22-08:48:10.119252 7f26ed399000 Options.compaction_options_fifo.allow_compaction: 0
2021/12/22-08:48:10.119264 7f26ed399000                   Options.table_properties_collectors: 
2021/12/22-08:48:10.119266 7f26ed399000                   Options.inplace_update_support: 0
2021/12/22-08:48:10.119268 7f26ed399000                 Options.inplace_update_num_locks: 10000
2021/12/22-08:48:10.119270 7f26ed399000               Options.memtable_prefix_bloom_size_ratio: 0.000000
2021/12/22-08:48:10.119272 7f26ed399000               Options.memtable_whole_key_filtering: 0
2021/12/22-08:48:10.119274 7f26ed399000   Options.memtable_huge_page_size: 0
2021/12/22-08:48:10.119276 7f26ed399000                           Options.bloom_locality: 0
2021/12/22-08:48:10.119278 7f26ed399000                    Options.max_successive_merges: 0
2021/12/22-08:48:10.119279 7f26ed399000                Options.optimize_filters_for_hits: 0
2021/12/22-08:48:10.119281 7f26ed399000                Options.paranoid_file_checks: 0
2021/12/22-08:48:10.119283 7f26ed399000                Options.force_consistency_checks: 1
2021/12/22-08:48:10.119284 7f26ed399000                Options.report_bg_io_stats: 0
2021/12/22-08:48:10.119286 7f26ed399000                               Options.ttl: 2592000
2021/12/22-08:48:10.119288 7f26ed399000          Options.periodic_compaction_seconds: 2592000
2021/12/22-08:48:10.119290 7f26ed399000                    Options.enable_blob_files: false
2021/12/22-08:48:10.119292 7f26ed399000                        Options.min_blob_size: 0
2021/12/22-08:48:10.119293 7f26ed399000                       Options.blob_file_size: 268435456
2021/12/22-08:48:10.119295 7f26ed399000                Options.blob_compression_type: NoCompression
2021/12/22-08:48:10.119297 7f26ed399000       Options.enable_blob_garbage_collection: false
2021/12/22-08:48:10.119299 7f26ed399000   Options.blob_garbage_collection_age_cutoff: 0.250000
2021/12/22-08:48:10.119687 7f26ed399000 [db/column_family.cc:598] --------------- Options for column family [dead_slots]:
2021/12/22-08:48:10.119699 7f26ed399000               Options.comparator: leveldb.BytewiseComparator
2021/12/22-08:48:10.119701 7f26ed399000           Options.merge_operator: None
2021/12/22-08:48:10.119704 7f26ed399000        Options.compaction_filter: None
2021/12/22-08:48:10.119707 7f26ed399000        Options.compaction_filter_factory: purged_slot_filter_factory(dead_slots)
2021/12/22-08:48:10.119709 7f26ed399000  Options.sst_partitioner_factory: None
2021/12/22-08:48:10.119711 7f26ed399000         Options.memtable_factory: SkipListFactory
2021/12/22-08:48:10.119799 7f26ed399000            Options.table_factory: BlockBasedTable
2021/12/22-08:48:10.119858 7f26ed399000            table_factory options:   flush_block_policy_factory: FlushBlockBySizePolicyFactory (0x55b57f80eda0)
  cache_index_and_filter_blocks: 0
  cache_index_and_filter_blocks_with_high_priority: 1
  pin_l0_filter_and_index_blocks_in_cache: 0
  pin_top_level_index_and_filter: 1
  index_type: 0
  data_block_index_type: 0
  index_shortening: 1
  data_block_hash_table_util_ratio: 0.750000
  hash_index_allow_collision: 1
  checksum: 1
  no_block_cache: 0
  block_cache: 0x55b57f80edf0
  block_cache_name: LRUCache
  block_cache_options:
    capacity : 8388608
    num_shard_bits : 4
    strict_capacity_limit : 0
    memory_allocator : None
    high_pri_pool_ratio: 0.000
  block_cache_compressed: (nil)
  persistent_cache: (nil)
  block_size: 4096
  block_size_deviation: 10
  block_restart_interval: 16
  index_block_restart_interval: 1
  metadata_block_size: 4096
  partition_filters: 0
  use_delta_encoding: 1
  filter_policy: nullptr
  whole_key_filtering: 1
  verify_compression: 0
  read_amp_bytes_per_bit: 0
  format_version: 5
  enable_index_compression: 1
  block_align: 0
2021/12/22-08:48:10.119861 7f26ed399000        Options.write_buffer_size: 268435456
2021/12/22-08:48:10.119863 7f26ed399000  Options.max_write_buffer_number: 8
2021/12/22-08:48:10.119865 7f26ed399000          Options.compression: NoCompression
2021/12/22-08:48:10.119867 7f26ed399000                  Options.bottommost_compression: Disabled
2021/12/22-08:48:10.119869 7f26ed399000       Options.prefix_extractor: nullptr
2021/12/22-08:48:10.119870 7f26ed399000   Options.memtable_insert_with_hint_prefix_extractor: nullptr
2021/12/22-08:48:10.119872 7f26ed399000             Options.num_levels: 7
2021/12/22-08:48:10.119874 7f26ed399000        Options.min_write_buffer_number_to_merge: 1
2021/12/22-08:48:10.119876 7f26ed399000     Options.max_write_buffer_number_to_maintain: 0
2021/12/22-08:48:10.119877 7f26ed399000     Options.max_write_buffer_size_to_maintain: 0
2021/12/22-08:48:10.119879 7f26ed399000            Options.bottommost_compression_opts.window_bits: -14
2021/12/22-08:48:10.119881 7f26ed399000                  Options.bottommost_compression_opts.level: 32767
2021/12/22-08:48:10.119883 7f26ed399000               Options.bottommost_compression_opts.strategy: 0
2021/12/22-08:48:10.119885 7f26ed399000         Options.bottommost_compression_opts.max_dict_bytes: 0
2021/12/22-08:48:10.119886 7f26ed399000         Options.bottommost_compression_opts.zstd_max_train_bytes: 0
2021/12/22-08:48:10.119888 7f26ed399000         Options.bottommost_compression_opts.parallel_threads: 1
2021/12/22-08:48:10.119890 7f26ed399000                  Options.bottommost_compression_opts.enabled: false
2021/12/22-08:48:10.119892 7f26ed399000         Options.bottommost_compression_opts.max_dict_buffer_bytes: 0
2021/12/22-08:48:10.119894 7f26ed399000            Options.compression_opts.window_bits: -14
2021/12/22-08:48:10.119896 7f26ed399000                  Options.compression_opts.level: 32767
2021/12/22-08:48:10.119898 7f26ed399000               Options.compression_opts.strategy: 0
2021/12/22-08:48:10.119899 7f26ed399000         Options.compression_opts.max_dict_bytes: 0
2021/12/22-08:48:10.119901 7f26ed399000         Options.compression_opts.zstd_max_train_bytes: 0
2021/12/22-08:48:10.119903 7f26ed399000         Options.compression_opts.parallel_threads: 1
2021/12/22-08:48:10.119904 7f26ed399000                  Options.compression_opts.enabled: false
2021/12/22-08:48:10.119906 7f26ed399000         Options.compression_opts.max_dict_buffer_bytes: 0
2021/12/22-08:48:10.119908 7f26ed399000      Options.level0_file_num_compaction_trigger: 4
2021/12/22-08:48:10.119910 7f26ed399000          Options.level0_slowdown_writes_trigger: 20
2021/12/22-08:48:10.119911 7f26ed399000              Options.level0_stop_writes_trigger: 36
2021/12/22-08:48:10.119913 7f26ed399000                   Options.target_file_size_base: 107374182
2021/12/22-08:48:10.120001 7f26ed399000             Options.target_file_size_multiplier: 1
2021/12/22-08:48:10.120006 7f26ed399000                Options.max_bytes_for_level_base: 1073741824
2021/12/22-08:48:10.120007 7f26ed399000 Options.level_compaction_dynamic_level_bytes: 0
2021/12/22-08:48:10.120009 7f26ed399000          Options.max_bytes_for_level_multiplier: 10.000000
2021/12/22-08:48:10.120014 7f26ed399000 Options.max_bytes_for_level_multiplier_addtl[0]: 1
2021/12/22-08:48:10.120016 7f26ed399000 Options.max_bytes_for_level_multiplier_addtl[1]: 1
2021/12/22-08:48:10.120018 7f26ed399000 Options.max_bytes_for_level_multiplier_addtl[2]: 1
2021/12/22-08:48:10.120019 7f26ed399000 Options.max_bytes_for_level_multiplier_addtl[3]: 1
2021/12/22-08:48:10.120021 7f26ed399000 Options.max_bytes_for_level_multiplier_addtl[4]: 1
2021/12/22-08:48:10.120023 7f26ed399000 Options.max_bytes_for_level_multiplier_addtl[5]: 1
2021/12/22-08:48:10.120025 7f26ed399000 Options.max_bytes_for_level_multiplier_addtl[6]: 1
2021/12/22-08:48:10.120026 7f26ed399000       Options.max_sequential_skip_in_iterations: 8
2021/12/22-08:48:10.120028 7f26ed399000                    Options.max_compaction_bytes: 2684354550
2021/12/22-08:48:10.120030 7f26ed399000                        Options.arena_block_size: 33554432
2021/12/22-08:48:10.120032 7f26ed399000   Options.soft_pending_compaction_bytes_limit: 68719476736
2021/12/22-08:48:10.120034 7f26ed399000   Options.hard_pending_compaction_bytes_limit: 274877906944
2021/12/22-08:48:10.120035 7f26ed399000       Options.rate_limit_delay_max_milliseconds: 100
2021/12/22-08:48:10.120037 7f26ed399000                Options.disable_auto_compactions: 0
2021/12/22-08:48:10.120041 7f26ed399000                        Options.compaction_style: kCompactionStyleLevel
2021/12/22-08:48:10.120043 7f26ed399000                          Options.compaction_pri: kMinOverlappingRatio
2021/12/22-08:48:10.120045 7f26ed399000 Options.compaction_options_universal.size_ratio: 1
2021/12/22-08:48:10.120047 7f26ed399000 Options.compaction_options_universal.min_merge_width: 2
2021/12/22-08:48:10.120049 7f26ed399000 Options.compaction_options_universal.max_merge_width: 4294967295
2021/12/22-08:48:10.120050 7f26ed399000 Options.compaction_options_universal.max_size_amplification_percent: 200
2021/12/22-08:48:10.120052 7f26ed399000 Options.compaction_options_universal.compression_size_percent: -1
2021/12/22-08:48:10.120055 7f26ed399000 Options.compaction_options_universal.stop_style: kCompactionStopStyleTotalSize
2021/12/22-08:48:10.120057 7f26ed399000 Options.compaction_options_fifo.max_table_files_size: 1073741824
2021/12/22-08:48:10.120059 7f26ed399000 Options.compaction_options_fifo.allow_compaction: 0
2021/12/22-08:48:10.120067 7f26ed399000                   Options.table_properties_collectors: 
2021/12/22-08:48:10.120070 7f26ed399000                   Options.inplace_update_support: 0
2021/12/22-08:48:10.120071 7f26ed399000                 Options.inplace_update_num_locks: 10000
2021/12/22-08:48:10.120073 7f26ed399000               Options.memtable_prefix_bloom_size_ratio: 0.000000
2021/12/22-08:48:10.120075 7f26ed399000               Options.memtable_whole_key_filtering: 0
2021/12/22-08:48:10.120077 7f26ed399000   Options.memtable_huge_page_size: 0
2021/12/22-08:48:10.120079 7f26ed399000                           Options.bloom_locality: 0
2021/12/22-08:48:10.120081 7f26ed399000                    Options.max_successive_merges: 0
2021/12/22-08:48:10.120083 7f26ed399000                Options.optimize_filters_for_hits: 0
2021/12/22-08:48:10.120084 7f26ed399000                Options.paranoid_file_checks: 0
2021/12/22-08:48:10.120086 7f26ed399000                Options.force_consistency_checks: 1
2021/12/22-08:48:10.120088 7f26ed399000                Options.report_bg_io_stats: 0
2021/12/22-08:48:10.120089 7f26ed399000                               Options.ttl: 2592000
2021/12/22-08:48:10.120091 7f26ed399000          Options.periodic_compaction_seconds: 2592000
2021/12/22-08:48:10.120093 7f26ed399000                    Options.enable_blob_files: false
2021/12/22-08:48:10.120150 7f26ed399000                        Options.min_blob_size: 0
2021/12/22-08:48:10.120154 7f26ed399000                       Options.blob_file_size: 268435456
2021/12/22-08:48:10.120156 7f26ed399000                Options.blob_compression_type: NoCompression
2021/12/22-08:48:10.120158 7f26ed399000       Options.enable_blob_garbage_collection: false
2021/12/22-08:48:10.120159 7f26ed399000   Options.blob_garbage_collection_age_cutoff: 0.250000
2021/12/22-08:48:10.120265 7f26ed399000 [db/column_family.cc:598] --------------- Options for column family [duplicate_slots]:
2021/12/22-08:48:10.120269 7f26ed399000               Options.comparator: leveldb.BytewiseComparator
2021/12/22-08:48:10.120271 7f26ed399000           Options.merge_operator: None
2021/12/22-08:48:10.120273 7f26ed399000        Options.compaction_filter: None
2021/12/22-08:48:10.120275 7f26ed399000        Options.compaction_filter_factory: purged_slot_filter_factory(duplicate_slots)
2021/12/22-08:48:10.120277 7f26ed399000  Options.sst_partitioner_factory: None
2021/12/22-08:48:10.120279 7f26ed399000         Options.memtable_factory: SkipListFactory
2021/12/22-08:48:10.120280 7f26ed399000            Options.table_factory: BlockBasedTable
2021/12/22-08:48:10.120325 7f26ed399000            table_factory options:   flush_block_policy_factory: FlushBlockBySizePolicyFactory (0x55b57f811090)
  cache_index_and_filter_blocks: 0
  cache_index_and_filter_blocks_with_high_priority: 1
  pin_l0_filter_and_index_blocks_in_cache: 0
  pin_top_level_index_and_filter: 1
  index_type: 0
  data_block_index_type: 0
  index_shortening: 1
  data_block_hash_table_util_ratio: 0.750000
  hash_index_allow_collision: 1
  checksum: 1
  no_block_cache: 0
  block_cache: 0x55b57f8110e0
  block_cache_name: LRUCache
  block_cache_options:
    capacity : 8388608
    num_shard_bits : 4
    strict_capacity_limit : 0
    memory_allocator : None
    high_pri_pool_ratio: 0.000
  block_cache_compressed: (nil)
  persistent_cache: (nil)
  block_size: 4096
  block_size_deviation: 10
  block_restart_interval: 16
  index_block_restart_interval: 1
  metadata_block_size: 4096
  partition_filters: 0
  use_delta_encoding: 1
  filter_policy: nullptr
  whole_key_filtering: 1
  verify_compression: 0
  read_amp_bytes_per_bit: 0
  format_version: 5
  enable_index_compression: 1
  block_align: 0
2021/12/22-08:48:10.120331 7f26ed399000        Options.write_buffer_size: 268435456
2021/12/22-08:48:10.120333 7f26ed399000  Options.max_write_buffer_number: 8
2021/12/22-08:48:10.120335 7f26ed399000          Options.compression: NoCompression
2021/12/22-08:48:10.120337 7f26ed399000                  Options.bottommost_compression: Disabled
2021/12/22-08:48:10.120338 7f26ed399000       Options.prefix_extractor: nullptr
2021/12/22-08:48:10.120340 7f26ed399000   Options.memtable_insert_with_hint_prefix_extractor: nullptr
2021/12/22-08:48:10.120342 7f26ed399000             Options.num_levels: 7
